<div>                        <script type="text/javascript">window.PlotlyConfig = {MathJaxConfig: 'local'};</script>
        <script charset="utf-8" src="https://cdn.plot.ly/plotly-2.35.2.min.js"></script>                <div id="f0bc69fe-ce6d-40a6-a1c3-cbf1551b8a8f" class="plotly-graph-div" style="height:100%; width:100%;"></div>            <script type="text/javascript">                                    window.PLOTLYENV=window.PLOTLYENV || {};                                    if (document.getElementById("f0bc69fe-ce6d-40a6-a1c3-cbf1551b8a8f")) {                    Plotly.newPlot(                        "f0bc69fe-ce6d-40a6-a1c3-cbf1551b8a8f",                        [{"coloraxis":"coloraxis","name":"0","texttemplate":"%{z}","x":["RENDA_MENSAL_CLIENTE","TAXA_AO_ANO","PZ_FINANCIAMENTO","QT_PC_ATRASO","QT_DIAS_PRIM_PC_ATRASO","QT_TOTAL_PC_PAGAS","QT_PC_PAGA_EM_DIA","QT_DIAS_MIN_ATRASO","QT_DIAS_MEDIA_ATRASO","QT_DIAS_MAX_ATRASO"],"y":["RENDA_MENSAL_CLIENTE","TAXA_AO_ANO","PZ_FINANCIAMENTO","QT_PC_ATRASO","QT_DIAS_PRIM_PC_ATRASO","QT_TOTAL_PC_PAGAS","QT_PC_PAGA_EM_DIA","QT_DIAS_MIN_ATRASO","QT_DIAS_MEDIA_ATRASO","QT_DIAS_MAX_ATRASO"],"z":[[1.0,0.009309614907730919,-0.09876369172791113,0.22878628455983183,0.24703658121427846,0.1489925047017559,0.1400820544320995,0.0310577287536665,0.04386710452592922,0.03593751171738129],[0.009309614907730919,1.0,0.21297981625975548,0.0157599453033409,-0.030562069832877837,0.03435881968448707,0.04746240236851609,-0.005233411055609415,-0.016863373544150323,-0.019928540588465746],[-0.09876369172791113,0.21297981625975548,1.0,0.10570514546146158,0.012103632138350242,0.33531446314267854,0.3483471063901572,-0.011378586800254373,0.01312163401214396,0.04338626096052307],[0.22878628455983183,0.0157599453033409,0.10570514546146158,1.0,0.9479716668520752,-0.5572824086648028,-0.4813022146974049,-0.0191565860847077,-0.08219987886612853,-0.1032866186441099],[0.24703658121427846,-0.030562069832877837,0.012103632138350242,0.9479716668520752,1.0,-0.558452108171054,-0.4861591794910758,-0.018091754806095997,-0.07860806715362581,-0.10008332432927164],[0.1489925047017559,0.03435881968448707,0.33531446314267854,-0.5572824086648028,-0.558452108171054,1.0,0.901876120379369,0.042742536862608545,0.14425352681810044,0.17877265443288579],[0.1400820544320995,0.04746240236851609,0.3483471063901572,-0.4813022146974049,-0.4861591794910758,0.901876120379369,1.0,0.05550433616567922,0.06755821466675692,0.07419100180035956],[0.0310577287536665,-0.005233411055609415,-0.011378586800254373,-0.0191565860847077,-0.018091754806095997,0.042742536862608545,0.05550433616567922,1.0,0.6124387782045352,0.250907311517886],[0.04386710452592922,-0.016863373544150323,0.01312163401214396,-0.08219987886612853,-0.07860806715362581,0.14425352681810044,0.06755821466675692,0.6124387782045352,1.0,0.7196922796094776],[0.03593751171738129,-0.019928540588465746,0.04338626096052307,-0.1032866186441099,-0.10008332432927164,0.17877265443288579,0.07419100180035956,0.250907311517886,0.7196922796094776,1.0]],"type":"heatmap","xaxis":"x","yaxis":"y","hovertemplate":"x: %{x}\u003cbr\u003ey: %{y}\u003cbr\u003ecolor: %{z}\u003cextra\u003e\u003c\u002fextra\u003e"}],                        {"template":{"data":{"barpolar":[{"marker":{"line":{"color":"rgb(17,17,17)","width":0.5},"pattern":{"fillmode":"overlay","size":10,"solidity":0.2}},"type":"barpolar"}],"bar":[{"error_x":{"color":"#f2f5fa"},"error_y":{"color":"#f2f5fa"},"marker":{"line":{"color":"rgb(17,17,17)","width":0.5},"pattern":{"fillmode":"overlay","size":10,"solidity":0.2}},"type":"bar"}],"carpet":[{"aaxis":{"endlinecolor":"#A2B1C6","gridcolor":"#506784","linecolor":"#506784","minorgridcolor":"#506784","startlinecolor":"#A2B1C6"},"baxis":{"endlinecolor":"#A2B1C6","gridcolor":"#506784","linecolor":"#506784","minorgridcolor":"#506784","startlinecolor":"#A2B1C6"},"type":"carpet"}],"choropleth":[{"colorbar":{"outlinewidth":0,"ticks":""},"type":"choropleth"}],"contourcarpet":[{"colorbar":{"outlinewidth":0,"ticks":""},"type":"contourcarpet"}],"contour":[{"colorbar":{"outlinewidth":0,"ticks":""},"colorscale":[[0.0,"#0d0887"],[0.1111111111111111,"#46039f"],[0.2222222222222222,"#7201a8"],[0.3333333333333333,"#9c179e"],[0.4444444444444444,"#bd3786"],[0.5555555555555556,"#d8576b"],[0.6666666666666666,"#ed7953"],[0.7777777777777778,"#fb9f3a"],[0.8888888888888888,"#fdca26"],[1.0,"#f0f921"]],"type":"contour"}],"heatmapgl":[{"colorbar":{"outlinewidth":0,"ticks":""},"colorscale":[[0.0,"#0d0887"],[0.1111111111111111,"#46039f"],[0.2222222222222222,"#7201a8"],[0.3333333333333333,"#9c179e"],[0.4444444444444444,"#bd3786"],[0.5555555555555556,"#d8576b"],[0.6666666666666666,"#ed7953"],[0.7777777777777778,"#fb9f3a"],[0.8888888888888888,"#fdca26"],[1.0,"#f0f921"]],"type":"heatmapgl"}],"heatmap":[{"colorbar":{"outlinewidth":0,"ticks":""},"colorscale":[[0.0,"#0d0887"],[0.1111111111111111,"#46039f"],[0.2222222222222222,"#7201a8"],[0.3333333333333333,"#9c179e"],[0.4444444444444444,"#bd3786"],[0.5555555555555556,"#d8576b"],[0.6666666666666666,"#ed7953"],[0.7777777777777778,"#fb9f3a"],[0.8888888888888888,"#fdca26"],[1.0,"#f0f921"]],"type":"heatmap"}],"histogram2dcontour":[{"colorbar":{"outlinewidth":0,"ticks":""},"colorscale":[[0.0,"#0d0887"],[0.1111111111111111,"#46039f"],[0.2222222222222222,"#7201a8"],[0.3333333333333333,"#9c179e"],[0.4444444444444444,"#bd3786"],[0.5555555555555556,"#d8576b"],[0.6666666666666666,"#ed7953"],[0.7777777777777778,"#fb9f3a"],[0.8888888888888888,"#fdca26"],[1.0,"#f0f921"]],"type":"histogram2dcontour"}],"histogram2d":[{"colorbar":{"outlinewidth":0,"ticks":""},"colorscale":[[0.0,"#0d0887"],[0.1111111111111111,"#46039f"],[0.2222222222222222,"#7201a8"],[0.3333333333333333,"#9c179e"],[0.4444444444444444,"#bd3786"],[0.5555555555555556,"#d8576b"],[0.6666666666666666,"#ed7953"],[0.7777777777777778,"#fb9f3a"],[0.8888888888888888,"#fdca26"],[1.0,"#f0f921"]],"type":"histogram2d"}],"histogram":[{"marker":{"pattern":{"fillmode":"overlay","size":10,"solidity":0.2}},"type":"histogram"}],"mesh3d":[{"colorbar":{"outlinewidth":0,"ticks":""},"type":"mesh3d"}],"parcoords":[{"line":{"colorbar":{"outlinewidth":0,"ticks":""}},"type":"parcoords"}],"pie":[{"automargin":true,"type":"pie"}],"scatter3d":[{"line":{"colorbar":{"outlinewidth":0,"ticks":""}},"marker":{"colorbar":{"outlinewidth":0,"ticks":""}},"type":"scatter3d"}],"scattercarpet":[{"marker":{"colorbar":{"outlinewidth":0,"ticks":""}},"type":"scattercarpet"}],"scattergeo":[{"marker":{"colorbar":{"outlinewidth":0,"ticks":""}},"type":"scattergeo"}],"scattergl":[{"marker":{"line":{"color":"#283442"}},"type":"scattergl"}],"scattermapbox":[{"marker":{"colorbar":{"outlinewidth":0,"ticks":""}},"type":"scattermapbox"}],"scatterpolargl":[{"marker":{"colorbar":{"outlinewidth":0,"ticks":""}},"type":"scatterpolargl"}],"scatterpolar":[{"marker":{"colorbar":{"outlinewidth":0,"ticks":""}},"type":"scatterpolar"}],"scatter":[{"marker":{"line":{"color":"#283442"}},"type":"scatter"}],"scatterternary":[{"marker":{"colorbar":{"outlinewidth":0,"ticks":""}},"type":"scatterternary"}],"surface":[{"colorbar":{"outlinewidth":0,"ticks":""},"colorscale":[[0.0,"#0d0887"],[0.1111111111111111,"#46039f"],[0.2222222222222222,"#7201a8"],[0.3333333333333333,"#9c179e"],[0.4444444444444444,"#bd3786"],[0.5555555555555556,"#d8576b"],[0.6666666666666666,"#ed7953"],[0.7777777777777778,"#fb9f3a"],[0.8888888888888888,"#fdca26"],[1.0,"#f0f921"]],"type":"surface"}],"table":[{"cells":{"fill":{"color":"#506784"},"line":{"color":"rgb(17,17,17)"}},"header":{"fill":{"color":"#2a3f5f"},"line":{"color":"rgb(17,17,17)"}},"type":"table"}]},"layout":{"annotationdefaults":{"arrowcolor":"#f2f5fa","arrowhead":0,"arrowwidth":1},"autotypenumbers":"strict","coloraxis":{"colorbar":{"outlinewidth":0,"ticks":""}},"colorscale":{"diverging":[[0,"#8e0152"],[0.1,"#c51b7d"],[0.2,"#de77ae"],[0.3,"#f1b6da"],[0.4,"#fde0ef"],[0.5,"#f7f7f7"],[0.6,"#e6f5d0"],[0.7,"#b8e186"],[0.8,"#7fbc41"],[0.9,"#4d9221"],[1,"#276419"]],"sequential":[[0.0,"#0d0887"],[0.1111111111111111,"#46039f"],[0.2222222222222222,"#7201a8"],[0.3333333333333333,"#9c179e"],[0.4444444444444444,"#bd3786"],[0.5555555555555556,"#d8576b"],[0.6666666666666666,"#ed7953"],[0.7777777777777778,"#fb9f3a"],[0.8888888888888888,"#fdca26"],[1.0,"#f0f921"]],"sequentialminus":[[0.0,"#0d0887"],[0.1111111111111111,"#46039f"],[0.2222222222222222,"#7201a8"],[0.3333333333333333,"#9c179e"],[0.4444444444444444,"#bd3786"],[0.5555555555555556,"#d8576b"],[0.6666666666666666,"#ed7953"],[0.7777777777777778,"#fb9f3a"],[0.8888888888888888,"#fdca26"],[1.0,"#f0f921"]]},"colorway":["#636efa","#EF553B","#00cc96","#ab63fa","#FFA15A","#19d3f3","#FF6692","#B6E880","#FF97FF","#FECB52"],"font":{"color":"#f2f5fa"},"geo":{"bgcolor":"rgb(17,17,17)","lakecolor":"rgb(17,17,17)","landcolor":"rgb(17,17,17)","showlakes":true,"showland":true,"subunitcolor":"#506784"},"hoverlabel":{"align":"left"},"hovermode":"closest","mapbox":{"style":"dark"},"paper_bgcolor":"rgb(17,17,17)","plot_bgcolor":"rgb(17,17,17)","polar":{"angularaxis":{"gridcolor":"#506784","linecolor":"#506784","ticks":""},"bgcolor":"rgb(17,17,17)","radialaxis":{"gridcolor":"#506784","linecolor":"#506784","ticks":""}},"scene":{"xaxis":{"backgroundcolor":"rgb(17,17,17)","gridcolor":"#506784","gridwidth":2,"linecolor":"#506784","showbackground":true,"ticks":"","zerolinecolor":"#C8D4E3"},"yaxis":{"backgroundcolor":"rgb(17,17,17)","gridcolor":"#506784","gridwidth":2,"linecolor":"#506784","showbackground":true,"ticks":"","zerolinecolor":"#C8D4E3"},"zaxis":{"backgroundcolor":"rgb(17,17,17)","gridcolor":"#506784","gridwidth":2,"linecolor":"#506784","showbackground":true,"ticks":"","zerolinecolor":"#C8D4E3"}},"shapedefaults":{"line":{"color":"#f2f5fa"}},"sliderdefaults":{"bgcolor":"#C8D4E3","bordercolor":"rgb(17,17,17)","borderwidth":1,"tickwidth":0},"ternary":{"aaxis":{"gridcolor":"#506784","linecolor":"#506784","ticks":""},"baxis":{"gridcolor":"#506784","linecolor":"#506784","ticks":""},"bgcolor":"rgb(17,17,17)","caxis":{"gridcolor":"#506784","linecolor":"#506784","ticks":""}},"title":{"x":0.05},"updatemenudefaults":{"bgcolor":"#506784","borderwidth":0},"xaxis":{"automargin":true,"gridcolor":"#283442","linecolor":"#506784","ticks":"","title":{"standoff":15},"zerolinecolor":"#283442","zerolinewidth":2},"yaxis":{"automargin":true,"gridcolor":"#283442","linecolor":"#506784","ticks":"","title":{"standoff":15},"zerolinecolor":"#283442","zerolinewidth":2}}},"xaxis":{"anchor":"y","domain":[0.0,1.0]},"yaxis":{"anchor":"x","domain":[0.0,1.0],"autorange":"reversed"},"coloraxis":{"colorscale":[[0.0,"#0d0887"],[0.1111111111111111,"#46039f"],[0.2222222222222222,"#7201a8"],[0.3333333333333333,"#9c179e"],[0.4444444444444444,"#bd3786"],[0.5555555555555556,"#d8576b"],[0.6666666666666666,"#ed7953"],[0.7777777777777778,"#fb9f3a"],[0.8888888888888888,"#fdca26"],[1.0,"#f0f921"]]},"margin":{"t":60}},                        {"responsive": true}                    )                };                            </script>        </div>